100
2 3 2
1 1 1
2 1 2
3 2 3
3 4 3
48 4 48
10 15 10
2 52 2
6 15 6
63 10 63
4 29 4
15 14 15
62 8 62
1 25 1
1 100 1
1 56 1
22 3 22
9 5 9
80 8 80
61 3 61
100 9 100
36 3 36
10 5 10
8 2 8
17 7 17
2 56 2
1 81 1
4 2 4
27 9 27
38 3 38
62 5 62
49 8 49
4 1 4
2 4 2
58 10 58
1 9 1
1 2 1
37 3 37
86 9 86
22 2 22
42 5 42
100 4 100
22 5 22
95 9 95
58 8 58
3 37 3
56 10 56
13 8 13
3 3 3
1 3 1
5 11 5
6 4 6
14 12 14
30 11 30
85 6 85
3 1 3
49 1 49
8 15 8
16 1 16
2 59 2
11 5 11
62 6 62
9 10 9
93 1 93
13 3 13
1 60 1
14 15 14
4 3 4
18 14 18
91 3 91
2 46 2
15 13 15
14 7 14
14 1 14
1 66 1
100 2 100
88 1 88
2 2 2
86 7 86
11 6 11
71 3 71
62 7 62
64 8 64
1 65 1
100 3 100
90 1 90
81 3 81
89 3 89
2 23 2
4 4 4
56 1 56
10 18 10
69 8 69
3 26 3
77 6 77
17 5 17
100 1 100
1 4 1
27 12 27
4 25 4
